{
 "cells": [
  {
   "cell_type": "markdown",
   "metadata": {},
   "source": [
    "#### Importing Required Libraries"
   ]
  },
  {
   "cell_type": "code",
   "execution_count": 4,
   "metadata": {},
   "outputs": [],
   "source": [
    "import numpy as np\n",
    "import matplotlib.pyplot as plt"
   ]
  },
  {
   "cell_type": "markdown",
   "metadata": {},
   "source": [
    "> Defining Function to get F and Z per iteration based on X."
   ]
  },
  {
   "cell_type": "code",
   "execution_count": 5,
   "metadata": {},
   "outputs": [],
   "source": [
    "def get_F(x):\n",
    "    f = [0]*5\n",
    "    f[0] = x[0]+x[1]-13.5\n",
    "    f[1] = 2*x[3]+4*x[0]+2*x[4]-227\n",
    "    f[2] = x[4]+x[1]-86.5\n",
    "    f[3] = x[2]*x[3]/(x[1]*x[4])-0.929\n",
    "    f[4] = ((12.2/100)**2)*x[1]*(x[4]**3)/(x[0]*x[4])-126.8\n",
    "\n",
    "    return f"
   ]
  },
  {
   "cell_type": "code",
   "execution_count": 8,
   "metadata": {},
   "outputs": [],
   "source": [
    "def get_Z(x):\n",
    "    z = [[1, 1, 0, 0, 0],\n",
    "         [4, 0, 0, 2, 2],\n",
    "         [0, 1, 0, 0, 1],\n",
    "         [0,\n",
    "          -(x[2]*x[3]/(x[1]**2*x[4])), \n",
    "          x[3]/(x[1]*x[4]),\n",
    "          x[2]/(x[1]*x[4]),\n",
    "          -(x[2]*x[3]/(x[1]*x[4]**2))],\n",
    "         [-(x[1]*x[3]**3/(x[0]*x[4]**2)*0.00988),\n",
    "          x[3]**3/(x[0]*x[4])*0.00988,\n",
    "          0,\n",
    "          3*0.00988*x[1]*x[3]**2/(x[0]*x[4]),\n",
    "          -(x[1]*x[3]**3/(x[0]*x[4]**2)*0.00988)]]\n",
    "    \n",
    "    return z"
   ]
  },
  {
   "cell_type": "markdown",
   "metadata": {},
   "source": [
    "Initialize *X_0* as [29, 29, 29, 29, 29]() for initial step. Running the loop for 20 iterations based on the system of non-linear equations obtained. Plot shows convergence of each variable over 20 iterations."
   ]
  },
  {
   "cell_type": "code",
   "execution_count": 7,
   "metadata": {},
   "outputs": [
    {
     "name": "stdout",
     "output_type": "stream",
     "text": [
      "iter 1 \n",
      "======== \n",
      "\n",
      "X\n",
      " [29, 29, 29, 29, 29] \n",
      "\n",
      "\n",
      "Z\n",
      " [[1, 1, 0, 0, 0], [4, 0, 0, 2, 2], [0, 1, 0, 0, 1], [0, -0.034482758620689655, 0.034482758620689655, 0.034482758620689655, -0.034482758620689655], [-0.43163599999999996, 0.43163599999999996, 0, 1.2949080000000002, -0.43163599999999996]] \n",
      "\n",
      "\n",
      "Z_inv\n",
      " [[ 0.41666667  0.125      -0.33333333  0.         -0.19306391]\n",
      " [ 0.58333333 -0.125       0.33333333  0.          0.19306391]\n",
      " [ 0.25       -0.125       1.         29.         -0.57919173]\n",
      " [-0.25        0.125       0.          0.          0.57919173]\n",
      " [-0.58333333  0.125       0.66666667  0.         -0.19306391]] \n",
      "\n",
      "\n",
      "F\n",
      " [44.5, 5, -28.5, 0.07099999999999995, -114.282556] \n",
      "\n",
      "\n",
      "========================================================\n",
      "\n",
      "\n",
      "iter 2 \n",
      "======== \n",
      "\n",
      "X\n",
      " [-21.73050363  35.23050363 -21.2505109  105.6915109   51.26949637] \n",
      "\n",
      "\n",
      "Z\n",
      " [[1, 1, 0, 0, 0], [4, 0, 0, 2, 2], [0, 1, 0, 0, 1], [0, 0.03529496272621082, 0.058514325527941786, -0.011764987575403606, 0.024253394332663575], [10.838543818345954, -15.772885016746885, 0, -15.772885016746887, 10.838543818345954]] \n",
      "\n",
      "\n",
      "Z_inv\n",
      " [[ 5.00000000e-01  9.30349201e-02 -3.13930160e-01  0.00000000e+00\n",
      "   1.17968171e-02]\n",
      " [ 5.00000000e-01 -9.30349201e-02  3.13930160e-01  0.00000000e+00\n",
      "  -1.17968171e-02]\n",
      " [-1.94880106e-01  6.19691187e-02 -4.85428307e-01  1.70898321e+01\n",
      "  -4.88962071e-03]\n",
      " [-5.00000000e-01  2.20895240e-01 -5.82095208e-02 -0.00000000e+00\n",
      "  -3.53904514e-02]\n",
      " [-5.00000000e-01  9.30349201e-02  6.86069840e-01  0.00000000e+00\n",
      "   1.17968171e-02]] \n",
      "\n",
      "\n",
      "F\n",
      " [0.0, 0.0, 0.0, -2.1724593125959597, -190.22884799151598] \n",
      "\n",
      "\n",
      "========================================================\n",
      "\n",
      "\n",
      "iter 3 \n",
      "======== \n",
      "\n",
      "X\n",
      " [-19.4864087   32.9864087   14.94630713  98.9592261   53.5135913 ] \n",
      "\n",
      "\n",
      "Z\n",
      " [[1, 1, 0, 0, 0], [4, 0, 0, 2, 2], [0, 1, 0, 0, 1], [0, -0.025401304687219194, 0.05606052457207199, 0.008467101562406399, -0.015657663737019684], [8.526358042662569, -13.83224356785288, 0, -13.83224356785288, 8.526358042662569]] \n",
      "\n",
      "\n",
      "Z_inv\n",
      " [[ 5.00000000e-01  9.55507083e-02 -3.08898583e-01  0.00000000e+00\n",
      "   1.38156486e-02]\n",
      " [ 5.00000000e-01 -9.55507083e-02  3.08898583e-01  0.00000000e+00\n",
      "  -1.38156486e-02]\n",
      " [ 1.62420372e-01 -4.88302587e-02  3.44059127e-01  1.78378638e+01\n",
      "   3.85870061e-03]\n",
      " [-5.00000000e-01  2.13347875e-01 -7.33042500e-02 -0.00000000e+00\n",
      "  -4.14469458e-02]\n",
      " [-5.00000000e-01  9.55507083e-02  6.91101417e-01  0.00000000e+00\n",
      "   1.38156486e-02]] \n",
      "\n",
      "\n",
      "F\n",
      " [-1.0658141036401503e-14, 0.0, 1.4210854715202004e-14, -0.09110218206805942, -198.95245038294783] \n",
      "\n",
      "\n",
      "========================================================\n",
      "\n",
      "\n",
      "iter 4 \n",
      "======== \n",
      "\n",
      "X\n",
      " [-16.73775156  30.23775156  17.33907338  90.71325467  56.26224844] \n",
      "\n",
      "\n",
      "Z\n",
      " [[1, 1, 0, 0, 0], [4, 0, 0, 2, 2], [0, 1, 0, 0, 1], [0, -0.030575992328354663, 0.05332172252115351, 0.01019199744278488, -0.016432853025356985], [6.340888515173298, -11.798253066325294, 0, -11.798253066325286, 6.340888515173298]] \n",
      "\n",
      "\n",
      "Z_inv\n",
      " [[ 5.00000000e-01  9.85243807e-02 -3.02951239e-01  0.00000000e+00\n",
      "   1.67015202e-02]\n",
      " [ 5.00000000e-01 -9.85243807e-02  3.02951239e-01  0.00000000e+00\n",
      "  -1.67015202e-02]\n",
      " [ 2.28191585e-01 -6.52072343e-02  4.05960203e-01  1.87540828e+01\n",
      "   5.14712603e-03]\n",
      " [-5.00000000e-01  2.04426858e-01 -9.11462840e-02 -0.00000000e+00\n",
      "  -5.01045605e-02]\n",
      " [-5.00000000e-01  9.85243807e-02  6.97048761e-01  0.00000000e+00\n",
      "   1.67015202e-02]] \n",
      "\n",
      "\n",
      "F\n",
      " [1.0658141036401503e-14, 1.7053025658242404e-13, -1.4210854715202004e-14, -0.004450740427346056, -211.91502026931977] \n",
      "\n",
      "\n",
      "========================================================\n",
      "\n",
      "\n",
      "iter 5 \n",
      "======== \n",
      "\n",
      "X\n",
      " [-13.19844857  26.69844857  18.51329625  80.09534572  59.80155143] \n",
      "\n",
      "\n",
      "Z\n",
      " [[1, 1, 0, 0, 0], [4, 0, 0, 2, 2], [0, 1, 0, 0, 1], [0, -0.034786163107119884, 0.050165922596320404, 0.011595387702373304, -0.015530309241692197], [4.325932526248596, -9.68960708422327, 0, -9.689607084223278, 4.325932526248596]] \n",
      "\n",
      "\n",
      "Z_inv\n",
      " [[ 5.00000000e-01  1.02188854e-01 -2.95622292e-01  0.00000000e+00\n",
      "   2.10924660e-02]\n",
      " [ 5.00000000e-01 -1.02188854e-01  2.95622292e-01  0.00000000e+00\n",
      "  -2.10924660e-02]\n",
      " [ 3.07492018e-01 -8.39348532e-02  4.49201174e-01  1.99338505e+01\n",
      "   6.52978162e-03]\n",
      " [-5.00000000e-01  1.93433438e-01 -1.13133123e-01 -0.00000000e+00\n",
      "  -6.32773979e-02]\n",
      " [-5.00000000e-01  1.02188854e-01  7.04377708e-01  0.00000000e+00\n",
      "   2.10924660e-02]] \n",
      "\n",
      "\n",
      "F\n",
      " [3.197442310920451e-14, 2.842170943040401e-14, 1.4210854715202004e-14, -0.00026341321401457396, -234.47322084210003] \n",
      "\n",
      "\n",
      "========================================================\n",
      "\n",
      "\n",
      "iter 6 \n",
      "======== \n",
      "\n",
      "X\n",
      " [-8.25283014 21.75283014 20.04960602 65.25849043 64.74716986] \n",
      "\n",
      "\n",
      "Z\n",
      " [[1, 1, 0, 0, 0], [4, 0, 0, 2, 2], [0, 1, 0, 0, 1], [0, -0.04270616161255233, 0.04633407153654069, 0.014235387204184132, -0.01434780673191821], [2.600770400128017, -7.7411776657072595, 0, -7.741177665707272, 2.600770400128017]] \n",
      "\n",
      "\n",
      "Z_inv\n",
      " [[ 5.00000000e-01  1.07022118e-01 -2.85955764e-01  0.00000000e+00\n",
      "   2.76500870e-02]\n",
      " [ 5.00000000e-01 -1.07022118e-01  2.85955764e-01 -0.00000000e+00\n",
      "  -2.76500870e-02]\n",
      " [ 4.59637376e-01 -1.20476374e-01  5.28344587e-01  2.15823900e+01\n",
      "   8.56212484e-03]\n",
      " [-5.00000000e-01  1.78933646e-01 -1.42132708e-01 -0.00000000e+00\n",
      "  -8.29502610e-02]\n",
      " [-5.00000000e-01  1.07022118e-01  7.14044236e-01  0.00000000e+00\n",
      "   2.76500870e-02]] \n",
      "\n",
      "\n",
      "F\n",
      " [4.440892098500626e-14, 0.0, 1.4210854715202004e-14, -2.0120435369141987e-05, -291.26523241532834] \n",
      "\n",
      "\n",
      "========================================================\n",
      "\n",
      "\n",
      "iter 7 \n",
      "======== \n",
      "\n",
      "X\n",
      " [-0.19932112 13.69932112 22.54388955 41.09796336 72.80067888] \n",
      "\n",
      "\n",
      "Z\n",
      " [[1, 1, 0, 0, 0], [4, 0, 0, 2, 2], [0, 1, 0, 0, 1], [0, -0.06781341688457583, 0.0412084069294835, 0.022604472294858607, -0.012760839438538703], [13.39847685581655, -71.20193785197223, 0, -71.20193785197219, 13.39847685581655]] \n",
      "\n",
      "\n",
      "Z_inv\n",
      " [[ 5.00000000e-01  1.14250422e-01 -2.71499157e-01  0.00000000e+00\n",
      "   3.20919416e-03]\n",
      " [ 5.00000000e-01 -1.14250422e-01  2.71499157e-01  0.00000000e+00\n",
      "  -3.20919416e-03]\n",
      " [ 9.42247657e-01 -2.38890692e-01  7.74132197e-01  2.42668930e+01\n",
      "   9.93778077e-04]\n",
      " [-5.00000000e-01  1.57248735e-01 -1.85502529e-01 -0.00000000e+00\n",
      "  -9.62758248e-03]\n",
      " [-5.00000000e-01  1.14250422e-01  7.28500843e-01  0.00000000e+00\n",
      "   3.20919416e-03]] \n",
      "\n",
      "\n",
      "F\n",
      " [-1.5987211554602254e-14, -2.842170943040401e-14, 1.4210854715202004e-14, -2.2258048997247926e-06, -5548.509516162631] \n",
      "\n",
      "\n",
      "========================================================\n",
      "\n",
      "\n",
      "iter 8 \n",
      "======== \n",
      "\n",
      "X\n",
      " [ 17.60692322  -4.10692322  28.05793068 -12.32076965  90.60692322] \n",
      "\n",
      "\n",
      "Z\n",
      " [[1, 1, 0, 0, 0], [4, 0, 0, 2, 2], [0, 1, 0, 0, 1], [0, 0.22620329465130176, 0.033110052670179364, -0.0754010982171005, -0.010253074815872426], [-0.0007909399688908139, -0.01744971435861669, 0, -0.017449714358616666, -0.0007909399688908139]] \n",
      "\n",
      "\n",
      "Z_inv\n",
      " [[  0.5          0.12789862  -0.24420276   0.          14.65910741]\n",
      " [  0.5         -0.12789862   0.24420276   0.         -14.65910741]\n",
      " [ -4.7094076    1.17824951  -2.04324207  30.20230774   4.53943479]\n",
      " [ -0.5          0.11630414  -0.26739171   0.         -43.97732222]\n",
      " [ -0.5          0.12789862   0.75579724   0.          14.65910741]] \n",
      "\n",
      "\n",
      "F\n",
      " [3.375077994860476e-14, 1.1368683772161603e-13, 0.0, -4.3741939803609853e-07, -155.3020134466999] \n",
      "\n",
      "\n",
      "========================================================\n",
      "\n",
      "\n",
      "iter 9 \n",
      "======== \n",
      "\n",
      "X\n",
      " [ 2294.19581862 -2280.69581862   733.04130656 -6842.08745585\n",
      "  2367.19581862] \n",
      "\n",
      "\n",
      "Z\n",
      " [[1, 1, 0, 0, 0], [4, 0, 0, 2, 2], [0, 1, 0, 0, 1], [0, 0.00040733164490416526, 0.0012673222791313964, -0.00013577721496805506, -0.00039244728806004265], [-845.7734285810809, -877.8510958329232, 0, -877.8510958329231, -845.7734285810809]] \n",
      "\n",
      "\n",
      "Z_inv\n",
      " [[ 5.00000000e-01  2.41186764e-01 -1.76264717e-02 -0.00000000e+00\n",
      "   5.49493565e-04]\n",
      " [ 5.00000000e-01 -2.41186764e-01  1.76264717e-02 -0.00000000e+00\n",
      "  -5.49493565e-04]\n",
      " [-3.69107434e-01  1.28256010e-01  1.97071113e-01  7.89065273e+02\n",
      "   1.70159764e-04]\n",
      " [-5.00000000e-01 -2.23560292e-01 -9.47120585e-01 -0.00000000e+00\n",
      "  -1.64848070e-03]\n",
      " [-5.00000000e-01  2.41186764e-01  9.82373528e-01  0.00000000e+00\n",
      "   5.49493565e-04]] \n",
      "\n",
      "\n",
      "F\n",
      " [0.0, -1.8189894035458565e-12, 0.0, -4.2067668815093384e-07, -83040.23615431254] \n",
      "\n",
      "\n",
      "========================================================\n",
      "\n",
      "\n",
      "iter 10 \n",
      "======== \n",
      "\n",
      "X\n",
      " [ 2339.82589403 -2326.32589403   747.17174545 -6978.97768208\n",
      "  2412.82589403] \n",
      "\n",
      "\n",
      "Z\n",
      " [[1, 1, 0, 0, 0], [4, 0, 0, 2, 2], [0, 1, 0, 0, 1], [0, 0.00039934215340581346, 0.0012433553566491248, -0.0001331140511352711, -0.00038502570547846085], [-864.0326061536084, -896.1600138500921, 0, -896.160013850092, -864.0326061536084]] \n",
      "\n",
      "\n",
      "Z_inv\n",
      " [[ 5.00000000e-01  2.41347667e-01 -1.73046661e-02 -0.00000000e+00\n",
      "   5.38626279e-04]\n",
      " [ 5.00000000e-01 -2.41347667e-01  1.73046661e-02 -0.00000000e+00\n",
      "  -5.38626279e-04]\n",
      " [-3.68954018e-01  1.28267498e-01  1.97247643e-01  8.04275298e+02\n",
      "   1.66794603e-04]\n",
      " [-5.00000000e-01 -2.24043001e-01 -9.48086002e-01 -0.00000000e+00\n",
      "  -1.61587884e-03]\n",
      " [-5.00000000e-01  2.41347667e-01  9.82695334e-01  0.00000000e+00\n",
      "   5.38626279e-04]] \n",
      "\n",
      "\n",
      "F\n",
      " [9.094947017729282e-13, 9.094947017729282e-13, 9.094947017729282e-13, -7.95561283517543e-09, -86277.46681171948] \n",
      "\n",
      "\n",
      "========================================================\n",
      "\n",
      "\n",
      "iter 11 \n",
      "======== \n",
      "\n",
      "X\n",
      " [ 2386.29720496 -2372.79720496   761.56236768 -7118.39161489\n",
      "  2459.29720496] \n",
      "\n",
      "\n",
      "Z\n",
      " [[1, 1, 0, 0, 0], [4, 0, 0, 2, 2], [0, 1, 0, 0, 1], [0, 0.00039152102754761597, 0.0012198606959518544, -0.00013050700918253868, -0.0003777501954519634], [-882.6313499389141, -914.8075559838255, 0, -914.8075559838256, -882.6313499389141]] \n",
      "\n",
      "\n",
      "Z_inv\n",
      " [[ 5.00000000e-01  2.41505608e-01 -1.69887845e-02 -0.00000000e+00\n",
      "   5.27992158e-04]\n",
      " [ 5.00000000e-01 -2.41505608e-01  1.69887845e-02 -0.00000000e+00\n",
      "  -5.27992158e-04]\n",
      " [-3.68803682e-01  1.28278824e-01  1.97420632e-01  8.19765735e+02\n",
      "   1.63501572e-04]\n",
      " [-5.00000000e-01 -2.24516823e-01 -9.49033647e-01 -0.00000000e+00\n",
      "  -1.58397647e-03]\n",
      " [-5.00000000e-01  2.41505608e-01  9.83011216e-01  0.00000000e+00\n",
      "   5.27992158e-04]] \n",
      "\n",
      "\n",
      "F\n",
      " [-4.547473508864641e-13, 0.0, 0.0, -1.5033085887239395e-10, -89638.08325130826] \n",
      "\n",
      "\n",
      "========================================================\n",
      "\n",
      "\n",
      "iter 12 \n",
      "======== \n",
      "\n",
      "X\n",
      " [ 2433.62540997 -2420.12540997   776.21833528 -7260.37622991\n",
      "  2506.62540997] \n",
      "\n",
      "\n",
      "Z\n",
      " [[1, 1, 0, 0, 0], [4, 0, 0, 2, 2], [0, 1, 0, 0, 1], [0, 0.00038386440478265524, 0.001196828208981174, -0.00012795480159421844, -0.00037061780204670466], [-901.5759219719266, -933.8000029758811, 0, -933.8000029758812, -901.5759219719266]] \n",
      "\n",
      "\n",
      "Z_inv\n",
      " [[ 5.00000000e-01  2.41660642e-01 -1.66787151e-02 -0.00000000e+00\n",
      "   5.17585439e-04]\n",
      " [ 5.00000000e-01 -2.41660642e-01  1.66787151e-02 -0.00000000e+00\n",
      "  -5.17585439e-04]\n",
      " [-3.68656505e-01  1.28290038e-01  1.97590239e-01  8.35541803e+02\n",
      "   1.60278958e-04]\n",
      " [-5.00000000e-01 -2.24981927e-01 -9.49963855e-01 -0.00000000e+00\n",
      "  -1.55275632e-03]\n",
      " [-5.00000000e-01  2.41660642e-01  9.83321285e-01  0.00000000e+00\n",
      "   5.17585439e-04]] \n",
      "\n",
      "\n",
      "F\n",
      " [0.0, 1.8189894035458565e-12, 0.0, -2.8380631178492877e-12, -93126.74191404172] \n",
      "\n",
      "\n",
      "========================================================\n",
      "\n",
      "\n",
      "iter 13 \n",
      "======== \n",
      "\n",
      "X\n",
      " [ 2481.8264556  -2468.3264556    791.14459242 -7404.97936681\n",
      "  2554.8264556 ] \n",
      "\n",
      "\n",
      "Z\n",
      " [[1, 1, 0, 0, 0], [4, 0, 0, 2, 2], [0, 1, 0, 0, 1], [0, 0.00037636836808620407, 0.001174248056426176, -0.00012545612269540136, -0.0003636254814732851], [-920.872700738452, -953.1437516089745, 0, -953.1437516089746, -920.872700738452]] \n",
      "\n",
      "\n",
      "Z_inv\n",
      " [[ 5.00000000e-01  2.41812826e-01 -1.63743485e-02 -0.00000000e+00\n",
      "   5.07400537e-04]\n",
      " [ 5.00000000e-01 -2.41812826e-01  1.63743485e-02 -0.00000000e+00\n",
      "  -5.07400537e-04]\n",
      " [-3.68512414e-01  1.28301142e-01  1.97756536e-01  8.51608819e+02\n",
      "   1.57125033e-04]\n",
      " [-5.00000000e-01 -2.25438477e-01 -9.50876954e-01 -0.00000000e+00\n",
      "  -1.52220161e-03]\n",
      " [-5.00000000e-01  2.41812826e-01  9.83625651e-01  0.00000000e+00\n",
      "   5.07400537e-04]] \n",
      "\n",
      "\n",
      "F\n",
      " [1.3642420526593924e-12, 5.4569682106375694e-12, -4.547473508864641e-13, -5.306866057708248e-14, -96748.27411223206] \n",
      "\n",
      "\n",
      "========================================================\n",
      "\n",
      "\n",
      "iter 14 \n",
      "======== \n",
      "\n",
      "X\n",
      " [ 2530.91658185 -2517.41658185   806.34616818 -7552.24974555\n",
      "  2603.91658185] \n",
      "\n",
      "\n",
      "Z\n",
      " [[1, 1, 0, 0, 0], [4, 0, 0, 2, 2], [0, 1, 0, 0, 1], [0, 0.0003690291097224321, 0.0011521106401459493, -0.0001230097032408107, -0.0003567702615651953], [-940.5281833221908, -972.8453168645601, 0, -972.8453168645602, -940.5281833221908]] \n",
      "\n",
      "\n",
      "Z_inv\n",
      " [[ 5.00000000e-01  2.41962211e-01 -1.60755774e-02 -0.00000000e+00\n",
      "   4.97432032e-04]\n",
      " [ 5.00000000e-01 -2.41962211e-01  1.60755774e-02 -0.00000000e+00\n",
      "  -4.97432032e-04]\n",
      " [-3.68371337e-01  1.28312132e-01  1.97919594e-01  8.67972194e+02\n",
      "   1.54038119e-04]\n",
      " [-5.00000000e-01 -2.25886634e-01 -9.51773268e-01 -0.00000000e+00\n",
      "  -1.49229610e-03]\n",
      " [-5.00000000e-01  2.41962211e-01  9.83924423e-01  0.00000000e+00\n",
      "   4.97432032e-04]] \n",
      "\n",
      "\n",
      "F\n",
      " [-1.3642420526593924e-12, -4.547473508864641e-12, 0.0, -8.881784197001252e-16, -100507.69258149822] \n",
      "\n",
      "\n",
      "========================================================\n",
      "\n",
      "\n",
      "iter 15 \n",
      "======== \n",
      "\n",
      "X\n",
      " [ 2580.91232758 -2567.41232758   821.82818411 -7702.23698274\n",
      "  2653.91232758] \n",
      "\n",
      "\n",
      "Z\n",
      " [[1, 1, 0, 0, 0], [4, 0, 0, 2, 2], [0, 1, 0, 0, 1], [0, 0.0003618429303388184, 0.001130406595885625, -0.00012061431011293947, -0.0003500492425259154], [-960.5489875917253, -992.9113341202087, 0, -992.9113341202088, -960.5489875917253]] \n",
      "\n",
      "\n",
      "Z_inv\n",
      " [[ 5.00000000e-01  2.42108852e-01 -1.57822965e-02 -0.00000000e+00\n",
      "   4.87674666e-04]\n",
      " [ 5.00000000e-01 -2.42108852e-01  1.57822965e-02 -0.00000000e+00\n",
      "  -4.87674666e-04]\n",
      " [-3.68233203e-01  1.28323009e-01  1.98079481e-01  8.84637443e+02\n",
      "   1.51016588e-04]\n",
      " [-5.00000000e-01 -2.26326555e-01 -9.52653110e-01 -0.00000000e+00\n",
      "  -1.46302400e-03]\n",
      " [-5.00000000e-01  2.42108852e-01  9.84217703e-01  0.00000000e+00\n",
      "   4.87674666e-04]] \n",
      "\n",
      "\n",
      "F\n",
      " [-4.547473508864641e-13, 0.0, 0.0, 4.440892098500626e-16, -104410.19827790927] \n",
      "\n",
      "\n",
      "========================================================\n",
      "\n",
      "\n",
      "iter 16 \n",
      "======== \n",
      "\n",
      "X\n",
      " [ 2631.83053618 -2618.33053618   837.59585604 -7854.99160853\n",
      "  2704.83053618] \n",
      "\n",
      "\n",
      "Z\n",
      " [[1, 1, 0, 0, 0], [4, 0, 0, 2, 2], [0, 1, 0, 0, 1], [0, 0.00035480623518085135, 0.0011091267862718898, -0.00011826874506028381, -0.0003434595948155284], [-980.9418544282115, -1013.3485613873462, 0, -1013.3485613873462, -980.9418544282115]] \n",
      "\n",
      "\n",
      "Z_inv\n",
      " [[ 5.00000000e-01  2.42252799e-01 -1.54944029e-02 -0.00000000e+00\n",
      "   4.78123338e-04]\n",
      " [ 5.00000000e-01 -2.42252799e-01  1.54944029e-02 -0.00000000e+00\n",
      "  -4.78123338e-04]\n",
      " [-3.68097942e-01  1.28333769e-01  1.98236262e-01  9.01610179e+02\n",
      "   1.48058860e-04]\n",
      " [-5.00000000e-01 -2.26758396e-01 -9.53516791e-01 -0.00000000e+00\n",
      "  -1.43437002e-03]\n",
      " [-5.00000000e-01  2.42252799e-01  9.84505597e-01  0.00000000e+00\n",
      "   4.78123338e-04]] \n",
      "\n",
      "\n",
      "F\n",
      " [-4.547473508864641e-13, 0.0, -4.547473508864641e-13, -5.551115123125783e-16, -108461.18742948602] \n",
      "\n",
      "\n",
      "========================================================\n",
      "\n",
      "\n",
      "iter 17 \n",
      "======== \n",
      "\n",
      "X\n",
      " [ 2683.68836119 -2670.18836119   853.65449585 -8010.56508358\n",
      "  2756.68836119] \n",
      "\n",
      "\n",
      "Z\n",
      " [[1, 1, 0, 0, 0], [4, 0, 0, 2, 2], [0, 1, 0, 0, 1], [0, 0.00034791553041793686, 0.0010882622940746659, -0.00011597184347264562, -0.0003369985570651217], [-1001.7136499945171, -1034.1638815901028, 0, -1034.1638815901028, -1001.7136499945171]] \n",
      "\n",
      "\n",
      "Z_inv\n",
      " [[ 5.00000000e-01  2.42394102e-01 -1.52117955e-02 -0.00000000e+00\n",
      "   4.68773096e-04]\n",
      " [ 5.00000000e-01 -2.42394102e-01  1.52117955e-02 -0.00000000e+00\n",
      "  -4.68773096e-04]\n",
      " [-3.67965487e-01  1.28344412e-01  1.98390004e-01  9.18896120e+02\n",
      "   1.45163402e-04]\n",
      " [-5.00000000e-01 -2.27182307e-01 -9.54364613e-01 -0.00000000e+00\n",
      "  -1.40631929e-03]\n",
      " [-5.00000000e-01  2.42394102e-01  9.84788204e-01  0.00000000e+00\n",
      "   4.68773096e-04]] \n",
      "\n",
      "\n",
      "F\n",
      " [9.094947017729282e-13, 2.7284841053187847e-12, 0.0, 3.3306690738754696e-16, -112666.25885157328] \n",
      "\n",
      "\n",
      "========================================================\n",
      "\n",
      "\n",
      "iter 18 \n",
      "======== \n",
      "\n",
      "X\n",
      " [ 2736.50327216 -2723.00327216   870.00951328 -8169.00981648\n",
      "  2809.50327216] \n",
      "\n",
      "\n",
      "Z\n",
      " [[1, 1, 0, 0, 0], [4, 0, 0, 2, 2], [0, 1, 0, 0, 1], [0, 0.0003411674196273666, 0.0010678044157224325, -0.0001137224732091222, -0.0003306634340687132], [-1022.8713680465769, -1055.3643048860602, 0, -1055.36430488606, -1022.8713680465769]] \n",
      "\n",
      "\n",
      "Z_inv\n",
      " [[ 5.00000000e-01  2.42532812e-01 -1.49343754e-02 -0.00000000e+00\n",
      "   4.59619131e-04]\n",
      " [ 5.00000000e-01 -2.42532812e-01  1.49343754e-02 -0.00000000e+00\n",
      "  -4.59619131e-04]\n",
      " [-3.67835774e-01  1.28354938e-01  1.98540768e-01  9.36501091e+02\n",
      "   1.42328724e-04]\n",
      " [-5.00000000e-01 -2.27598437e-01 -9.55196874e-01 -0.00000000e+00\n",
      "  -1.37885739e-03]\n",
      " [-5.00000000e-01  2.42532812e-01  9.85065625e-01  0.00000000e+00\n",
      "   4.59619131e-04]] \n",
      "\n",
      "\n",
      "F\n",
      " [-1.3642420526593924e-12, -8.185452315956354e-12, 4.547473508864641e-13, 1.1102230246251565e-16, -117031.22153595179] \n",
      "\n",
      "\n",
      "========================================================\n",
      "\n",
      "\n",
      "iter 19 \n",
      "======== \n",
      "\n",
      "X\n",
      " [ 2790.29306049 -2776.79306049   886.66641773 -8330.37918148\n",
      "  2863.29306049] \n",
      "\n",
      "\n",
      "Z\n",
      " [[1, 1, 0, 0, 0], [4, 0, 0, 2, 2], [0, 1, 0, 0, 1], [0, 0.00033455860042918255, 0.0010477446550593303, -0.00011151953347639423, -0.0003244515948500396], [-1044.4221322877327, -1076.9569710296767, 0, -1076.9569710296773, -1044.4221322877327]] \n",
      "\n",
      "\n",
      "Z_inv\n",
      " [[ 5.00000000e-01  2.42668977e-01 -1.46620455e-02 -0.00000000e+00\n",
      "   4.50656774e-04]\n",
      " [ 5.00000000e-01 -2.42668977e-01  1.46620455e-02 -0.00000000e+00\n",
      "  -4.50656774e-04]\n",
      " [-3.67708738e-01  1.28365344e-01  1.98688618e-01  9.54431020e+02\n",
      "   1.39553381e-04]\n",
      " [-5.00000000e-01 -2.28006932e-01 -9.56013864e-01 -0.00000000e+00\n",
      "  -1.35197032e-03]\n",
      " [-5.00000000e-01  2.42668977e-01  9.85337955e-01  0.00000000e+00\n",
      "   4.50656774e-04]] \n",
      "\n",
      "\n",
      "F\n",
      " [-9.094947017729282e-13, 1.8189894035458565e-12, -9.094947017729282e-13, 4.440892098500626e-16, -121562.1025239285] \n",
      "\n",
      "\n",
      "========================================================\n",
      "\n",
      "\n",
      "iter 20 \n",
      "======== \n",
      "\n",
      "X\n",
      " [ 2845.07584548 -2831.57584548   903.63082015 -8494.72753645\n",
      "  2918.07584548] \n",
      "\n",
      "\n",
      "Z\n",
      " [[1, 1, 0, 0, 0], [4, 0, 0, 2, 2], [0, 1, 0, 0, 1], [0, 0.0003280858612642283, 0.0010280747173328888, -0.00010936195375474282, -0.00031836047080075115], [-1066.3731987668614, -1098.9491517792112, 0, -1098.9491517792117, -1066.3731987668614]] \n",
      "\n",
      "\n",
      "Z_inv\n",
      " [[ 5.00000000e-01  2.42802645e-01 -1.43947107e-02 -0.00000000e+00\n",
      "   4.41881491e-04]\n",
      " [ 5.00000000e-01 -2.42802645e-01  1.43947107e-02 -0.00000000e+00\n",
      "  -4.41881491e-04]\n",
      " [-3.67584317e-01  1.28375632e-01  1.98833613e-01  9.72691948e+02\n",
      "   1.36835968e-04]\n",
      " [-5.00000000e-01 -2.28407934e-01 -9.56815868e-01 -0.00000000e+00\n",
      "  -1.32564447e-03]\n",
      " [-5.00000000e-01  2.42802645e-01  9.85605289e-01  0.00000000e+00\n",
      "   4.41881491e-04]] \n",
      "\n",
      "\n",
      "F\n",
      " [-9.094947017729282e-13, 0.0, -9.094947017729282e-13, -6.661338147750939e-16, -126265.15507402559] \n",
      "\n",
      "\n",
      "========================================================\n",
      "\n",
      "\n",
      "20 5\n"
     ]
    },
    {
     "data": {
